kinematics:
  shoulder:
    x: 0
    y: 0
    z: 0.18086601394468016
    roll: -0
    pitch: 0
    yaw: -1.3933637743601679e-08
  upper_arm:
    x: 8.2981447731554906e-06
    y: 0
    z: 0
    roll: 1.5707349013050156
    pitch: 0
    yaw: -5.2802874832558189e-06
  forearm:
    x: -0.61251201893976692
    y: 0
    z: 0
    roll: 0.0021572487987410994
    pitch: 0.00078242370578132268
    yaw: -5.8293031052619576e-06
  wrist_1:
    x: -0.57130978676932054
    y: -0.0011191085912343678
    z: 0.17460620357708018
    roll: 0.0064092411640952526
    pitch: 0.00011017716768581162
    yaw: 5.0320228096741615e-06
  wrist_2:
    x: -4.2667885104182658e-05
    y: -0.11986310324210661
    z: -1.3860749982077844e-05
    roll: 1.5709119649649872
    pitch: 0
    yaw: 5.2345167445774776e-06
  wrist_3:
    x: 2.9726426997063009e-05
    y: 0.11557967506649172
    z: 9.4800609463287008e-05
    roll: 1.57161654529914
    pitch: 3.1415926535897931
    yaw: -3.1415924381181002
  hash: calib_15175850041568992415

  